1.000000387755102	2.999082463854089e-13
1.005827640490633	7.328219512695947e-10
1.0116548932261638	1.8148346825341832e-8
1.0174821459616947	3.659455124112772e-8
1.0233093986972257	3.911011958734889e-8
1.0291366514327565	4.5987092208340144e-8
1.0349639041682874	6.584991411410593e-8
1.0407911569038184	9.362094447832683e-8
1.0466184096393492	1.3230484515365976e-7
1.05244566237488	1.7018556593602813e-7
1.0582729151104109	2.2310156803465966e-7
1.0641001678459419	3.1313197723648045e-7
1.0699274205814726	4.4988893751115217e-7
1.0757546733170034	6.578469968765432e-7
1.0815819260525343	9.52824093551167e-7
1.0874091787880653	1.3606606602915385e-6
1.093236431523596	1.908695516010065e-6
1.0990636842591268	2.6551045255729377e-6
1.1048909369946578	3.688791361255994e-6
1.1107181897301888	5.09334903779172e-6
1.1165454424657195	7.068436592335321e-6
1.1223726952012503	9.85668751448306e-6
1.1281999479367812	0.000013676734250456235
1.1340272006723122	0.000018758030930617526
1.139854453407843	0.0000257206777355042
1.1456817061433737	0.00003541670039242106
1.1515089588789047	0.000048654719593551235
1.1573362116144357	0.00006623059572582098
1.1631634643499664	0.0000901917322315704
1.1689907170854972	0.00012332124283724136
1.1748179698210282	0.00016829122069905722
1.1806452225565591	0.00022930677319310533
1.1864724752920899	0.0003121175702593959
1.1922997280276206	0.0004242269323813848
1.1981269807631516	0.0005757424630642067
1.2039542334986826	0.0007804453378207713
1.2097814862342133	0.001057356595475826
1.215608738969744	0.0014295214514414845
1.221435991705275	0.0019296537225490518
1.227263244440806	0.0026008328734132093
1.2330904971763368	0.0035002325788986433
1.2389177499118675	0.00470383465409648
1.2447450026473985	0.006312278591026417
1.2505722553829295	0.008457445653304418
1.2563995081184602	0.011314056812746848
1.262226760853991	0.015111182454096964
1.268054013589522	0.02014574747594825
1.273881266325053	0.026798973118136317
1.2797085190605837	0.0355486882094446
1.2855357717961144	0.04696935646958256
1.2913630245316454	0.0616972039790659
1.2971902772671764	0.08032497345588203
1.3030175300027071	0.1031605345320344
1.308844782738238	0.12988505296774294
1.3146720354737689	0.15919672170204638
1.3204992882092998	0.1888542063108282
1.3263265409448306	0.21632773234566588
1.3321537936803614	0.2397138460563301
1.3379810464158923	0.25821278121215807
1.3438082991514233	0.2719711693475617
1.349635551886954	0.28164395613745585
1.3554628046224848	0.2880266934809173
1.3612900573580158	0.2918571861760045
1.3671173100935468	0.293745399186548
1.3729445628290775	0.2941680850707028
1.3792619725446187	0.29338954877335743
1.3855793822601599	0.2916571832159379
1.391896791975701	0.28922289121023353
1.3982142016912422	0.28627174567983193
1.4045316114067834	0.28294060637020235
1.4108490211223246	0.2793315058683087
1.4234838405534072	0.27156778991888675
1.4298012502689486	0.2675158661198177
1.4361186599844897	0.26339968314752643
1.448753479415572	0.2550750880086259
1.4740231182777368	0.23850081580032914
1.480340527993278	0.23443065920502004
1.4866579377088192	0.23040201842859165
1.4992927571399015	0.22248401499380746
1.5245623960020662	0.20726818402780559
1.5751016737263959	0.17948786036469927
1.5814190834419373	0.1762627659187433
1.5877364931574784	0.17309111361397236
1.6003713125885608	0.1669055656582537
1.6256409514507255	0.15514592821478204
1.6319583611662667	0.15232911368752125
1.6382757708818079	0.14956002118757997
1.6509105903128902	0.14416197489769167
1.676180229175055	0.13390504321035626
1.6824976388905961	0.13144875285791158
1.6888150486061373	0.12903415240937857
1.7014498680372196	0.12432712308460114
1.7267195068993846	0.11538205981607592
1.7772587846237142	0.09921832441570107
1.7831575502988577	0.09747046178072989
1.789056315974001	0.0957499023997225
1.8008538473242877	0.09238888559393865
1.824448910024861	0.08597485108474257
1.8303476757000046	0.08443302521477514
1.8362464413751478	0.08291505806993194
1.8480439727254345	0.07994910514471228
1.871639035426008	0.07428633824453404
1.8775378011011514	0.07292458188399593
1.8834365667762947	0.07158368769551582
1.8952340981265814	0.06896309214587715
1.9188291608271548	0.06395744815805766
1.966019286228302	0.05481900475636762
1.9719180519034452	0.053752879466967454
1.9778168175785886	0.05270277620731734
1.9896143489288756	0.05064961922893355
2.013209411629449	0.0467245265340266
2.060399537030596	0.039547143785004124
2.0662983027057393	0.03870879560451279
2.0721970683808824	0.03788283820280382
2.0839945997311693	0.036267333608801466
2.1075896624317427	0.03317673193586346
2.1547797878328896	0.027517635829787463
2.160562843141104	0.026868883624822017
2.166345898449319	0.0262294032857473
2.177912009065749	0.0249777110268824
2.201044230298609	0.022579702172548878
2.247308672764328	0.01817684634166596
2.253091728072543	0.017661041359826414
2.258874783380758	0.0171525416855726
2.270440893997188	0.01615702370136553
2.2935731152300476	0.014249030060673979
2.339837557695767	0.010743557349681743
2.345620613003982	0.010332696760943855
2.351403668312197	0.009927622129770866
2.362969778928627	0.009134499516888734
2.3861020001614865	0.00761408915082525
2.432366442627206	0.004819826904512695
2.438149497935421	0.004492276201068715
2.443932553243636	0.004169325930072927
2.455498663860066	0.0035369708307127117
2.4786308850929255	0.00232474283823203
2.524895327558645	0.00009706873859825307
2.5311685398468704	-0.00018599637628263777
2.5374417521350954	-0.0004647325914753364
2.5499881767115458	-0.001009471725878582
2.575081025864447	-0.002049758327867246
2.581354238152672	-0.0022999379118098795
2.5876274504408974	-0.0025462797551550342
2.600173875017348	-0.0030276700091797872
2.625266724170249	-0.003946774875877671
2.6315399364584744	-0.004167758502476507
2.6378131487466994	-0.0043853282902519735
2.6503595733231498	-0.004810429034057798
2.675452422476051	-0.005621832695115051
2.725638120781853	-0.007099487181930615
2.7319113330700784	-0.007271424900456421
2.7381845453583034	-0.0074406597283611
2.7507309699347537	-0.00777117197584043
2.775823819087655	-0.008401407306317794
2.78209703137588	-0.008552764726171298
2.7883702436641054	-0.00870171333694722
2.800916668240556	-0.00899252324276949
2.826009517393457	-0.00954670311382444
2.8322827296816824	-0.00967971611109808
2.8385559419699073	-0.009810578553053348
2.8511023665463577	-0.010065974102427867
2.876195215699259	-0.010552286038791565
2.926380914005061	-0.011433155299590343
2.9322354822528887	-0.011528415955836441
2.938090050500716	-0.011622182024956323
2.949799186996371	-0.011805310483743179
2.9732174599876804	-0.012154476778952492
2.9790720282355077	-0.012238312045227979
2.9849265964833354	-0.012320799908878197
2.99663573297899	-0.01248180258135444
3.0200540059703	-0.012788392306537
3.0259085742181275	-0.0128619259072253
3.031763142465955	-0.012934246972573588
3.0434722789616098	-0.01307531407713162
3.0668905519529193	-0.013343560638095765
3.1137270979355387	-0.013827704372860183
3.1195816661833664	-0.013883585317368977
3.1254362344311937	-0.013938480164494355
3.1371453709268486	-0.01404536022849795
3.160563643918158	-0.014247817345598277
3.1664182121659854	-0.014296145682223083
3.172272780413813	-0.01434358289395088
3.1839819169094676	-0.014435829749725265
3.2074001899007776	-0.014610128851820595
3.213254758148605	-0.014651643501666542
3.219109326396432	-0.014692354626139038
3.230818462892087	-0.014771406072725543
3.2542367358833966	-0.014920300071053993
3.2600913041312243	-0.014955661356574704
3.2659458723790515	-0.014990296776046444
3.2776550088747065	-0.015057427493990527
3.301073281866016	-0.015183384967361222
3.3074180070938537	-0.015215660925491831
3.313762732321692	-0.015247168243056206
3.326452182777367	-0.015307918424706371
3.351831083688718	-0.015420646684467021
3.3581758089165556	-0.015447059812836375
3.3645205341443933	-0.015472785135842049
3.377209984600069	-0.015522211184149013
3.4025888855114204	-0.015613219212077806
3.408933610739258	-0.015634387924216692
3.4152783359670957	-0.015654940473942475
3.427967786422771	-0.01569423086265026
3.434312511650609	-0.015712985425168653
3.4406572368784465	-0.01573115727337388
3.4533466873341223	-0.01576578556024394
3.45969141256196	-0.015782258220619967
3.466036137789798	-0.01579818052846025
3.4787255882454735	-0.015828403394830826
3.5041044891568243	-0.015882562501117234
3.510449214384662	-0.015894833667269896
3.5167939396124996	-0.015906611265265908
3.529483390068175	-0.015928713082223545
3.5358281152960127	-0.015939050832428976
3.5421728405238504	-0.01594892207777184
3.554862290979526	-0.01596729154655251
3.561207016207364	-0.015975802888853502
3.567551741435202	-0.015983873934299356
3.5738964666630397	-0.015991510729599707
3.5802411918908774	-0.015998719075083358
3.586585917118715	-0.016005504728126733
3.592930642346553	-0.01601187340236497
3.605620092802228	-0.01602338245221642
3.611964818030066	-0.016028534039320228
3.6183095432579035	-0.01603329107124281
3.6246542684857417	-0.01603765904776725
3.6309989937135794	-0.01604164342686328
3.637343718941417	-0.016045249625001454
3.643688444169255	-0.016048483017465656
3.650033169397093	-0.016051348938663435
3.6563778946249306	-0.016053852682434415
3.6627226198527683	-0.016055999502356828
3.669067345080606	-0.016057794612051778
3.6754120703084436	-0.016059243138942154
3.6817567955362813	-0.016060349860515452
3.688101520764119	-0.01606111941119722
3.6944462459919567	-0.01606155639216355
3.700790971219795	-0.01606166537005658
3.7071356964476325	-0.016061450877237503
3.713364711308542	-0.016060929970071098
3.7195937261694514	-0.01606010584389992
3.7258227410303606	-0.016058982692575014
3.73205175589127	-0.016057564679017717
3.738280770752179	-0.016055855935443827
3.7445097856130882	-0.016053860563586115
3.7507388004739974	-0.016051582634915632
3.7569678153349066	-0.016049026190861827
3.763196830195816	-0.016046195243030904
3.769425845056725	-0.016043093773423285
3.7756548599176343	-0.016039725734649353
3.781883874778544	-0.01603609502115065
3.7881128896394536	-0.016032205270792594
3.794341904500363	-0.01602806000336012
3.806799934222181	-0.016019016873119213
3.8130289490830904	-0.01601412592469462
3.8192579639439996	-0.01600899328832291
3.8317159936658185	-0.015998016504802055
3.837945008526728	-0.015992179072428312
3.8441740233876374	-0.015986113382009504
3.856632053109456	-0.01597331038864036
3.862861067970365	-0.01596657960647701
3.869090082831274	-0.015959633608185565
3.881548112553093	-0.01594510874441951
3.9064641719967304	-0.015913613458140047
3.9126931868576396	-0.015905246886354103
3.9189222017185488	-0.01589668879039599
3.9313802314403676	-0.015879009016951044
3.956296290884005	-0.015841470973410633
4.0061284097712795	-0.015758270713875873
4.012357424632189	-0.015747158173487902
4.018586439493099	-0.015735895070615576
4.031044469214917	-0.01571292610412112
4.055960528658554	-0.015665278721678784
4.105792647545829	-0.015563625727774763
4.11160301836634	-0.015551258398896338
4.117413389186851	-0.015538789097257675
4.129034130827874	-0.015513550471404736
4.15227561410992	-0.015461913851272347
4.198758580674012	-0.015354320856242297
4.291724513802196	-0.015124212545392023
4.477656380058563	-0.014620022456021975
4.880890159291958	-0.013432209307109056
5.257330719939893	-0.012318863960800704
5.626365817104407	-0.011285642845247051
6.026770960989582	-0.010256688008017734
6.400382886289297	-0.009389293678288283
6.805364858309672	-0.008547010454390592
7.202941366846627	-0.007811551813703692
7.57372465679812	-0.00719909758142344
7.9758779934702755	-0.006605957033390038
8.35123811155697	-0.0061113356283886465
8.757968276364327	-0.005631772709067425
9.157292977688263	-0.005210941676130853
9.529824460426736	-0.004857497343121108
9.933725989885872	-0.004511778529870067
10.310834300759547	-0.004220033857937748
10.680537148149801	-0.003959730455348587
11.081610042260715	-0.003702849694343779
11.45588971778617	-0.003484404579881548
11.861539440032285	-0.003268233422106498
12.25978369879498	-0.0030745463532345905
12.631234738972212	-0.002908664373785454
13.034055825870107	-0.002743198741087532
13.410083694182541	-0.00260091864027501
13.778706099011554	-0.0024717302295598495
14.17869855056123	-0.0023419626879390906
14.551897783525442	-0.0022297430051964905
14.956467063210317	-0.0021168312407675183
15.33424312430973	-0.0020188577587112477
15.704613721925723	-0.0019291743942688841
16.106354366262376	-0.0018384033489958363
16.481301792013568	-0.0017592748995242545
16.887619264485423	-0.0016790938484953772
17.286531273473855	-0.0016055320677267394
17.658650063876827	-0.0015411390132569103
18.06213890100046	-0.0014755552455164242
18.43883451953863	-0.0014179973968308176
18.808124674593383	-0.0013647488146314908
19.208784876368796	-0.0013102699042654372
19.582651859558748	-0.0012622987039837155
19.58917291819447	-0.001261485289389103
19.59569397683019	-0.001260672653685474
19.60873609410163	-0.0012590497149130657
19.634820328644516	-0.0012558131396946317
19.686988797730287	-0.0012493769736617972
19.79132573590182	-0.0012366508436043471
19.79784679453754	-0.0012358618669506087
19.804367853173265	-0.0012350736384673486
19.817409970444707	-0.0012334994223410682
19.843494204987593	-0.0012303599277987353
19.89566267407336	-0.001224116485061549
19.902183732709084	-0.001223339369449409
19.908704791344803	-0.0012225629874212775
19.921746908616242	-0.0012210124204999264
19.947831143159128	-0.0012179200499239564
19.954352201794848	-0.0012171487777050912
19.96087326043057	-0.0012163782318577476
19.973915377702014	-0.0012148393156872245
19.980436436337733	-0.0012140709435709222
19.986957494973456	-0.0012133032942398937
19.99347855360918	-0.0012125363667996512
19.9999996122449	-0.001211770160356535