1.000000387755102	0.
1.005827640490633	3.687494753989995e-11
1.0116548932261638	2.959469706335464e-11
1.0174821459616947	1.4231541870894185e-10
1.0233093986972257	3.0485850880760757e-10
1.0291366514327565	4.671600883909832e-10
1.0349639041682874	6.313436440308351e-10
1.0466184096393492	9.803224158370463e-10
1.05244566237488	1.1758230685406563e-9
1.0582729151104109	1.3663266074104286e-9
1.0641001678459419	1.5373014713067807e-9
1.0699274205814726	1.6954729472236825e-9
1.0757546733170034	1.8689167990970645e-9
1.0815819260525343	2.0770177429814867e-9
1.0874091787880653	2.3134144970053208e-9
1.093236431523596	2.576561852762893e-9
1.0990636842591268	2.8664161414819014e-9
1.1048909369946578	3.179853639660261e-9
1.1107181897301888	3.514554795340056e-9
1.1165454424657195	3.871517402960952e-9
1.1223726952012503	4.251188364297794e-9
1.1281999479367812	4.654004737147943e-9
1.1340272006723122	5.080390626706806e-9
1.139854453407843	5.534304866235591e-9
1.1456817061433737	6.04111708805514e-9
1.1515089588789047	6.632525713830735e-9
1.1573362116144357	7.340229461287132e-9
1.1631634643499664	8.1948155668717e-9
1.1689907170854972	9.190925872222994e-9
1.1748179698210282	1.0310192847621616e-8
1.1806452225565591	1.1540993494207896e-8
1.1864724752920899	1.2871704665092427e-8
1.1922997280276206	1.429270598170736e-8
1.1981269807631516	1.5812466743388615e-8
1.2097814862342133	1.9140690884119255e-8
1.215608738969744	2.093965867366876e-8
1.221435991705275	2.282574336949968e-8
1.227263244440806	2.4832849702486705e-8
1.2330904971763368	2.701138216802216e-8
1.2389177499118675	2.9411457121616042e-8
1.2447450026473985	3.2083190770748615e-8
1.2505722553829295	3.5062808878549845e-8
1.2563995081184602	3.8344962982606035e-8
1.262226760853991	4.1938078861510533e-8
1.268054013589522	4.5851831220744543e-8
1.2797085190605837	5.469857966566849e-8
1.2855357717961144	5.970281446998627e-8
1.2913630245316454	6.512962680282897e-8
1.2971902772671764	7.099986465419761e-8
1.3030175300027071	7.733437616212294e-8
1.308844782738238	8.415400909456139e-8
1.3146720354737689	9.148068584134231e-8
1.3263265409448306	1.0792125400745552e-7
1.3321537936803614	1.1717482406581325e-7
1.3379810464158923	1.2720340003546937e-7
1.3438082991514233	1.3807159289965415e-7
1.349635551886954	1.4984401423371688e-7
1.3554628046224848	1.6259132773477347e-7
1.3612900573580158	1.764164580346043e-7
1.3729445628290775	2.0761670382896114e-7
1.3792619725446187	2.266789621933422e-7
1.3855793822601599	2.47375882223011e-7
1.391896791975701	2.698037134448346e-7
1.3982142016912422	2.941091454082093e-7
1.4045316114067834	3.2049296320539134e-7
1.4108490211223246	3.491437573129493e-7
1.4234838405534072	4.140006367355416e-7
1.4298012502689486	4.505839030777281e-7
1.4361186599844897	4.901929235116379e-7
1.442436069700031	5.33089521637109e-7
1.448753479415572	5.795739350666906e-7
1.4550708891311133	6.299465591386166e-7
1.4613882988466544	6.84507789043091e-7
1.4740231182777368	8.073986442388066e-7
1.480340527993278	8.763909279766816e-7
1.4866579377088192	9.509525225048776e-7
1.4929753474243603	1.0315025393096513e-6
1.4992927571399015	1.1184600899512749e-6
1.5056101668554427	1.2122442857679752e-6
1.5119275765709839	1.313279733998011e-6
1.5245623960020662	1.5394594738982192e-6
1.5308798057176074	1.6659852415390475e-6
1.5371972154331486	1.8023930691650016e-6
1.5435146251486898	1.9493765526975198e-6
1.549832034864231	2.1076223763275928e-6
1.5561494445797721	2.2778559967869443e-6
1.5624668542953133	2.461079086968354e-6
1.5751016737263959	2.870682975257092e-6
1.5814190834419373	3.0991584227072857e-6
1.5877364931574784	3.344812638639283e-6
1.5940539028730196	3.6086931276546608e-6
1.6003713125885608	3.892034961650026e-6
1.606688722304102	4.1963913874898395e-6
1.6130061320196432	4.52334231315632e-6
1.6256409514507255	5.251347295380052e-6
1.6319583611662667	5.655561167753712e-6
1.6382757708818079	6.088698597454348e-6
1.644593180597349	6.552754787447768e-6
1.6509105903128902	7.0502138496131295e-6
1.6572280000284314	7.583586126402864e-6
1.6635454097439726	8.155381960565459e-6
1.676180229175055	9.424285670596905e-6
1.6824976388905961	0.00001012641879608959
1.6888150486061373	0.000010877593206541173
1.6951324583216785	0.000011681551656650413
1.7014498680372196	0.000012542064805461568
1.7077672777527608	0.00001346290331187087
1.714084687468302	0.000014447837834922575
1.7267195068993846	0.0000166251293035972
1.733036916614926	0.000017826133908845538
1.7393543263304672	0.00001910926963688553
1.7456717360460083	0.00002048017049024094
1.7519891457615495	0.000021944470471509565
1.7583065554770907	0.000023507803583141158
1.7646239651926319	0.00002517580382780752
1.7772587846237142	0.000028850515609191163
1.7831575502988577	0.000030735028122785835
1.789056315974001	0.00003273660445265077
1.7949550816491442	0.00003486215762434537
1.8008538473242877	0.00003711860066335504
1.8067526129994311	0.000039512846595165144
1.8126513786745744	0.000042051811341906976
1.824448910024861	0.00004759843643076245
1.8303476757000046	0.000050626235280626375
1.8362464413751478	0.00005383719609778718
1.8480439727254345	0.00006084911692486964
1.853942738400578	0.0000646703519660748
1.8598415040757212	0.00006871730050309979
1.871639035426008	0.00007754197973919297
1.8775378011011514	0.00008234713740296051
1.8834365667762947	0.00008743353881790483
1.8952340981265814	0.00009851295619160241
1.9011328638017249	0.00010453942446231324
1.907031629476868	0.00011091413215491563
1.9188291608271548	0.0001247850248715654
1.9247279265022983	0.00013232204828687402
1.9306266921774415	0.0001402890875862687
1.9424242235277283	0.0001576049601856866
1.9483229892028717	0.0001670044510756104
1.9542217548780152	0.00017693519194058222
1.966019286228302	0.00019850155551400422
1.9719180519034452	0.00021019347348623835
1.9778168175785886	0.00022253477562217405
1.9896143489288756	0.00024931175790025384
1.995513114604019	0.0002638205664724502
2.0014118802791625	0.00027912500735253565
2.013209411629449	0.00031228522230630773
2.0191081773045925	0.00033023514822942224
2.0250069429797355	0.0003491618109835078
2.0368044743300224	0.00039013624701108213
2.042703240005166	0.0004122869011311166
2.0486020056803094	0.00043562626835347285
2.060399537030596	0.0004861179449380618
2.0662983027057393	0.0005133936557166763
2.0721970683808824	0.0005421069278568705
2.0839945997311693	0.0006041515499783934
2.0898933654063128	0.0006376416432087491
2.0957921310814562	0.0006728827553714363
2.1075896624317427	0.0007489423938737231
2.113488428106886	0.000789946445174013
2.119387193782029	0.0008330674317699183
2.131184725132316	0.0009260641052333263
2.1370834908074596	0.0009761443939298637
2.142982256482603	0.0010287655952740948
2.1547797878328896	0.0011421108051137643
2.160562843141104	0.00120186084933116
2.166345898449319	0.001264533018874673
2.177912009065749	0.0013991659703179355
2.183695064373964	0.0014713985693301326
2.189478119682179	0.0015470979210779148
2.201044230298609	0.0017094898546487676
2.206827285606824	0.001796489911867464
2.212610340915039	0.001887571302349881
2.2241764515314686	0.0020826358575448305
2.229959506839683	0.002186956993495026
2.235742562147898	0.002296034292613417
2.247308672764328	0.002529162770574467
2.253091728072543	0.0026535703091583223
2.258874783380758	0.002783445529975929
2.270440893997188	0.0030603138720765033
2.276223949305403	0.003207660326720522
2.282007004613618	0.0033611787733343057
2.2935731152300476	0.003687395018088864
2.299356170538262	0.003860408804604365
2.305139225846477	0.004040223939315949
2.316705336462907	0.00442078366171339
2.339837557695767	0.005268585245982208
2.345620613003982	0.005499023737028708
2.351403668312197	0.005736929142487764
2.362969778928627	0.006235125351533699
2.3861020001614865	0.007319662100276754
2.391885055469701	0.007608612717012038
2.397668110777916	0.00790440748152621
2.409234221394346	0.008515826054226886
2.432366442627206	0.009812014626746746
2.438149497935421	0.01014993747107277
2.443932553243636	0.010492891946399277
2.455498663860066	0.011192779925930152
2.4786308850929255	0.012640660057559889
2.524895327558645	0.015668001481149108
2.5311685398468704	0.016086613598320677
2.5374417521350954	0.01650627382978494
2.5499881767115458	0.01734772940405508
2.575081025864447	0.019032834357690837
2.625266724170249	0.02237043755405795
2.725638120781853	0.028704648771888348
2.7319113330700784	0.02908052793772701
2.7381845453583034	0.029453814484770836
2.7507309699347537	0.030192540270952823
2.775823819087655	0.0316381328395943
2.826009517393457	0.034399685873345034
2.926380914005061	0.03940575627599311
2.9322354822528887	0.03967697616846714
2.938090050500716	0.03994596609957253
2.949799186996371	0.040477300012696116
2.9732174599876804	0.0415136992267238
3.0200540059703	0.04348413468888564
3.0259085742181275	0.043721086540671895
3.031763142465955	0.04395600257925332
3.0434722789616098	0.044419779595416986
3.0668905519529193	0.04532347971087192
3.1137270979355387	0.04703839940595966
3.1195816661833664	0.047244350222395995
3.1254362344311937	0.0474484746731875
3.1371453709268486	0.04785129596411808
3.160563643918158	0.048635588610018134
3.2074001899007776	0.05012162753598768
3.301073281866016	0.052785543684860194
3.3074180070938537	0.052952035253217025
3.313762732321692	0.05311683923580547
3.326452182777367	0.05344143960370014
3.351831083688718	0.05407099328568267
3.4025888855114204	0.05525453161277505
3.408933610739258	0.05539564365222567
3.4152783359670957	0.05553528104192669
3.427967786422771	0.055810180363763985
3.4533466873341223	0.05634281072280274
3.5041044891568243	0.05734205968976994
3.510449214384662	0.05746100276564429
3.5167939396124996	0.05757865726793822
3.529483390068175	0.05781014380067445
3.554862290979526	0.0582581297209674
3.605620092802228	0.05909649889765241
3.611964818030066	0.05919608829986387
3.6183095432579035	0.05929455327002377
3.6309989937135794	0.05948814906074558
3.6563778946249306	0.0598622689631693
3.7071356964476325	0.06056021539196062
3.713364711308542	0.06064141655486075
3.7195937261694514	0.06072167212112417
3.73205175589127	0.06087937669645499
3.7569678153349066	0.06118377124733161
3.806799934222181	0.06175018659099224
3.8130289490830904	0.0618171574069491
3.8192579639439996	0.061883299813359716
3.8317159936658185	0.06201312669027953
3.856632053109456	0.062263139749673825
3.9064641719967304	0.06272608245146805
3.9126931868576396	0.0627805937021303
3.9189222017185488	0.06283437912581809
3.9313802314403676	0.06293979658978018
3.956296290884005	0.06314218666661892
4.0061284097712795	0.0635144934004403
4.012357424632189	0.06355809221856347
4.018586439493099	0.0636010551444904
4.031044469214917	0.06368509411579193
4.055960528658554	0.0638457701084404
4.105792647545829	0.06413866016980137
4.11160301836634	0.06417042616695012
4.117413389186851	0.06420170703338651
4.129034130827874	0.06426282795513828
4.15227561410992	0.06437940862127145
4.158085984930431	0.06440739563983455
4.163896355750943	0.06443492668971768
4.175517097391966	0.06448863546446022
4.198758580674012	0.06459073926334992
4.204568951494523	0.06461517730674757
4.210379322315035	0.06463918649601787
4.222000063956058	0.06468593092417993
4.245241547238104	0.06477441226301489
4.291724513802196	0.06493205114038382
4.297534884622707	0.06495000567265365
4.303345255443219	0.06496758116834124
4.314965997084242	0.06500160597406968
4.338207480366288	0.06506522731163945
4.344017851186799	0.06508022601995125
4.349828222007311	0.06509486753988078
4.361448963648334	0.06512308993869304
4.38469044693038	0.06517536864083012
4.390500817750891	0.06518758631078367
4.396311188571403	0.06519946864055495
4.407931930212426	0.0652222378662429
4.413742301032937	0.06523312958646484
4.419552671853449	0.06524369586806841
4.431173413494472	0.06526386159142128
4.436983784314983	0.065273465771171
4.442794155135495	0.06528275398830316
4.454414896776518	0.06530039201071575
4.477656380058563	0.06533198074013966
4.483956907859085	0.06533971249356285
4.490257435659606	0.06534709524667115
4.50285849126065	0.06536082583409616
4.509159019061172	0.06536717971102415
4.515459546861694	0.06537319659755403
4.5280606024627374	0.06538422993580707
4.534361130263259	0.0653892515709353
4.540661658063781	0.06539394663900132
4.546962185864302	0.06539831773170762
4.553262713664824	0.06540236744075675
4.559563241465346	0.06540609835785119
4.565863769265867	0.06540951307469343
4.572164297066389	0.06541261418298601
4.578464824866911	0.06541540427443139
4.584765352667433	0.06541788594073211
4.591065880467955	0.06542006177359067
4.597366408268477	0.06542193436470956
4.603666936068999	0.0654235063057913
4.609967463869521	0.06542478018853838
4.616267991670043	0.06542575860465331
4.622568519470564	0.06542644414583859
4.628869047271086	0.06542683940379673
4.6351695750716075	0.065426946970194
4.641470102872129	0.06542676932710273
4.6477706306726505	0.06542630869805262
4.654071158473172	0.06542556727991614
4.660371686273694	0.06542454726956579
4.666672214074216	0.06542325086387402
4.672972741874738	0.06542168025971333
4.67927326967526	0.06541983765395622
4.685573797475782	0.06541772524347517
4.691874325276304	0.06541534522514263
4.698174853076826	0.06541269979583113
4.704475380877348	0.06540979115241312
4.71077590867787	0.0654066214917611
4.717076436478392	0.06540319301074755
4.729677492079435	0.0653955683751258
4.735978019879957	0.06539137661426256
4.742278547680478	0.06538693482052771
4.7548796032815215	0.06537730992193319
4.761180131082043	0.06537213121081847
4.767480658882565	0.06536671121511621
4.780081714483609	0.06535515506637782
4.786382242284131	0.06534902265588766
4.792682770084653	0.06534265651642812
4.805283825685697	0.06532923053593452
4.830485936887784	0.06529965616598557
4.836786464688306	0.06529170632107631
4.843086992488827	0.06528353771786513
4.8556880480898705	0.0652665517218706
4.880890159291958	0.06523003696892925
4.8867720430520825	0.06522103683357312
4.892653926812207	0.06521185897397876
4.904417694332454	0.065192975517782
4.92794522937295	0.06515313401847588
4.975000299453942	0.06506544358159348
4.980882183214066	0.06505375690434588
4.986764066974191	0.06504191336218751
4.998527834494438	0.06501776087794882
5.022055369534934	0.06496763063829641
5.069110439615926	0.06486033668077665
5.07499232337605	0.06484628732290983
5.0808742071361745	0.06483209997050608
5.092637974656422	0.06480331571882407
5.116165509696918	0.06474414008511545
5.16322057977791	0.0646196076896384
5.257330719939893	0.06434761756390014
5.263096893333088	0.06433002476735906
5.268863066726285	0.06431233029652604
5.280395413512675	0.0642766398008604
5.303460107085458	0.06420407435728522
5.349589494231022	0.06405437715257795
5.4418482685221505	0.06373808484928994
5.626365817104407	0.06304770591072936
5.632622147477613	0.06302312973523785
5.6388784778508185	0.06299848441683721
5.65139113859723	0.06294898898379896
5.676416460090054	0.06284919736020703
5.7264671030757	0.06264655850242146
5.826568389046995	0.0622302024719903
6.026770960989582	0.06136102942660859
6.400382886289297	0.059653174140298706
6.805364858309672	0.05774494182098026
7.202941366846627	0.055870285863628445
7.57372465679812	0.054152121059757655
7.9758779934702755	0.05234207014361368
8.35123811155697	0.0507138136764292
8.757968276364327	0.04902264307463173
9.157292977688263	0.047438889222445546
9.529824460426736	0.0460299176781893
9.933725989885872	0.04457553333760547
10.310834300759547	0.043284151732483074
10.680537148149801	0.04207790703909293
11.081610042260715	0.04083306630499333
11.45588971778617	0.039728154824111725
11.861539440032285	0.03858905444923258
12.25978369879498	0.037526431927427883
12.631234738972212	0.03658207809407457
13.034055825870107	0.035605937721291205
13.410083694182541	0.034737094331801145
13.778706099011554	0.033922713757902845
14.17869855056123	0.03307838942729227
14.551897783525442	0.03232539367560537
14.956467063210317	0.03154473862148866
15.33424312430973	0.03084729121794071
15.704613721925723	0.030191340356341818
16.106354366262376	0.02950919677311441
16.481301792013568	0.028898558652842705
16.887619264485423	0.028263555859100904
17.286531273473855	0.02766563094592847
17.658650063876827	0.02712937987321311
18.06213890100046	0.026570091100268232
18.43883451953863	0.026067655722929663
18.808124674593383	0.025592606397319084
19.208784876368796	0.02509579706047199
19.582651859558748	0.024648780508850027
19.58917291819447	0.02464112053826647
19.59569397683019	0.024633465179865813
19.60873609410163	0.024618168283917795
19.634820328644516	0.02458762966982016
19.686988797730287	0.024526772300130804
19.79132573590182	0.02440593017326902
19.79784679453754	0.024398415901986152
19.804367853173265	0.024390906120998233
19.817409970444707	0.024375900014680686
19.843494204987593	0.024345941518092707
19.89566267407336	0.024286238536416857
19.902183732709084	0.024278795653055938
19.908704791344803	0.024271357199083674
19.921746908616242	0.024256493564078496
19.947831143159128	0.024226819279239524
19.954352201794848	0.024219411724401733
19.96087326043057	0.024212008568499425
19.973915377702014	0.024197215438274702
19.980436436337733	0.024189825456339
19.986957494973456	0.024182439858112206
19.99347855360918	0.02417505863978768
19.9999996122449	0.02416768179755878