1.000000387755102	0.
1.005827640490633	8.504345376062852e-11
1.0116548932261638	2.6526203456000985e-10
1.0174821459616947	1.151830482844692e-9
1.0233093986972257	4.211593592392167e-9
1.0291366514327565	1.3161678635853491e-8
1.0349639041682874	3.99878645751528e-8
1.0407911569038184	1.2960123108030075e-7
1.0466184096393492	3.9689750649015326e-7
1.05244566237488	1.2384595222680872e-6
1.0582729151104109	3.882430498647338e-6
1.0641001678459419	0.000011925495938092112
1.0699274205814726	0.00003649216230246684
1.0757546733170034	0.00011085589546100394
1.0815819260525343	0.00033357397999692984
1.0874091787880653	0.0009727508023215462
1.093236431523596	0.002472545594102371
1.0990636842591268	0.004818548146003909
1.1048909369946578	0.007553275567375802
1.1165454424657195	0.013289990593033485
1.139854453407843	0.024490065386070382
1.1864724752920899	0.04453461425412112
1.1922997280276206	0.04681947359371803
1.1981269807631516	0.04905789922308412
1.2097814862342133	0.05339896819436103
1.2330904971763368	0.06156242233072118
1.2389177499118675	0.06350020880603471
1.2447450026473985	0.06539842192284391
1.2563995081184602	0.06907932174315023
1.2797085190605837	0.07600048883484867
1.2855357717961144	0.07764327362146879
1.2913630245316454	0.07925247193583163
1.3030175300027071	0.08237278862355797
1.3263265409448306	0.08823920058607689
1.3729445628290775	0.09860836405060858
1.3792619725446187	0.0998853951043103
1.3855793822601599	0.10113384578292087
1.3982142016912422	0.1035474241840321
1.4234838405534072	0.10805742527332521
1.4298012502689486	0.10912204309650504
1.4361186599844897	0.11016255077605544
1.448753479415572	0.11217320706785641
1.4740231182777368	0.11592650290157827
1.480340527993278	0.11681163381784006
1.4866579377088192	0.11767636354398843
1.4992927571399015	0.1193462426753169
1.5245623960020662	0.12245884648180405
1.5308798057176074	0.12319186623163483
1.5371972154331486	0.12390755609027411
1.549832034864231	0.12528837720162894
1.5751016737263959	0.12785694427088862
1.5814190834419373	0.12846070841683324
1.5877364931574784	0.12904974140077388
1.6003713125885608	0.1301847344050059
1.6256409514507255	0.1322902052311175
1.6319583611662667	0.13278386815503745
1.6382757708818079	0.13326494942893966
1.6509105903128902	0.13419034832985927
1.676180229175055	0.13590075042039987
1.6824976388905961	0.1363003951186546
1.6888150486061373	0.1366892908132047
1.7014498680372196	0.13743568301591536
1.7267195068993846	0.13880831596232934
1.733036916614926	0.1391275590372016
1.7393543263304672	0.1394376031114647
1.7519891457615495	0.14003077373192468
1.7772587846237142	0.1411141876555358
1.7831575502988577	0.14134820213833113
1.789056315974001	0.14157532298634015
1.8008538473242877	0.1420093648197496
1.8067526129994311	0.14221652632602522
1.8126513786745744	0.14241727523926484
1.824448910024861	0.14280000460635123
1.8303476757000046	0.1429821982446338
1.8362464413751478	0.14315841489816372
1.8480439727254345	0.14349332821824318
1.871639035426008	0.14409594822872174
1.8775378011011514	0.14423318271370358
1.8834365667762947	0.14436523081274716
1.8952340981265814	0.14461411985694564
1.9011328638017249	0.14473113680406352
1.907031629476868	0.14484331936916917
1.9188291608271548	0.1450535327929513
1.9247279265022983	0.1451517314113724
1.9306266921774415	0.14524542703930787
1.9424242235277283	0.1454196115766122
1.9483229892028717	0.14550025161242577
1.9542217548780152	0.14557669091064354
1.966019286228302	0.14571726953980757
1.9719180519034452	0.14578155709628693
1.9778168175785886	0.1458419336420972
1.983715583253732	0.14589846420975774
1.9896143489288756	0.14595121383178802
1.995513114604019	0.1460002475407073
2.0014118802791625	0.1460456303690351
2.0073106459543055	0.14608742734929064
2.013209411629449	0.14612570351399348
2.0191081773045925	0.14616052335454313
2.0250069429797355	0.1461919459693181
2.030905708654879	0.14622002747063012
2.0368044743300224	0.14624482394781707
2.042703240005166	0.1462663914902168
2.0486020056803094	0.14628478618716734
2.0545007713554524	0.14630006412800647
2.060399537030596	0.1463122814020722
2.0662983027057393	0.14632149408272077
2.0721970683808824	0.14632775583543073
2.078095834056026	0.14633111564279871
2.0839945997311693	0.14633162197774488
2.0898933654063128	0.14632932331318943
2.0957921310814562	0.1463242681220527
2.1016908967565993	0.14631650487725487
2.1075896624317427	0.14630608205171616
2.113488428106886	0.14629304811835683
2.119387193782029	0.14627745149720106
2.1252859594571727	0.14625933704322197
2.131184725132316	0.14623874618806298
2.1370834908074596	0.14621572027105365
2.142982256482603	0.14619030063152355
2.148881022157746	0.14616252860880236
2.1547797878328896	0.14613244554221963
2.160562843141104	0.14610074896626257
2.166345898449319	0.14606690981160106
2.177912009065749	0.14599295948238544
2.183695064373964	0.14595292309044877
2.189478119682179	0.14591089076339592
2.201044230298609	0.14582096952456558
2.206827285606824	0.14577314622310011
2.212610340915039	0.14572345820714253
2.2241764515314686	0.14561861925237474
2.247308672764328	0.14538800120321552
2.253091728072543	0.14532616220855915
2.258874783380758	0.14526270541016542
2.270440893997188	0.1451310490864072
2.2935731152300476	0.14484954032069777
2.339837557695767	0.14421963164862356
2.345620613003982	0.1441350899045457
2.351403668312197	0.1440493365184
2.362969778928627	0.1438742877205783
2.3861020001614865	0.1435106050447862
2.432366442627206	0.14273333017659548
2.524895327558645	0.14101126111178114
2.5311685398468704	0.1408876572225931
2.5374417521350954	0.14076328664304502
2.5499881767115458	0.1405123157493892
2.575081025864447	0.14000189494249982
2.625266724170249	0.13895058729838805
2.725638120781853	0.13675046942970842
2.926380914005061	0.13211368233216067
3.301073281866016	0.12328605970621934
3.7071356964476325	0.11418637013049993
4.105792647545829	0.10604911517506589
4.477656380058563	0.09921810141047756
4.880890159291958	0.09259157883454845
5.257330719939893	0.0870655558573143
5.626365817104407	0.08219435666876804
6.026770960989582	0.07744432004133034
6.400382886289297	0.07345067407614989
6.805364858309672	0.06953743354579045
7.202941366846627	0.06606239313664602
7.57372465679812	0.0631077597873402
7.9758779934702755	0.06017727089606578
8.35123811155697	0.05766935446910808
8.757968276364327	0.05517067816489468
9.157292977688263	0.05291392033903154
9.529824460426736	0.050964821179740646
9.933725989885872	0.049003937861076444
10.310834300759547	0.04730175516219866
10.680537148149801	0.0457417606207016
11.081610042260715	0.04415962227567008
11.45588971778617	0.04277711996545675
11.861539440032285	0.041371731082455405
12.25978369879498	0.04007766642913522
12.631234738972212	0.03894051593245286
13.034055825870107	0.037777108241991444
13.410083694182541	0.03675131358780601
13.778706099011554	0.03579772864603572
14.17869855056123	0.03481678765322241
14.551897783525442	0.0339482859012771
14.956467063210317	0.03305392010787321
15.33424312430973	0.032259876452234514
15.704613721925723	0.03151721111512606
16.106354366262376	0.030749013503171996
16.481301792013568	0.030064767281789848
16.887619264485423	0.029356555075441486
17.286531273473855	0.028692700992571388
17.658650063876827	0.02809972554922165
18.06213890100046	0.027483635992913723
18.43883451953863	0.026932166004062404
18.808124674593383	0.026412452396873915
19.208784876368796	0.025870647318331594
19.582651859558748	0.025384613119168637
19.58917291819447	0.025376296446170517
19.59569397683019	0.02536798517616915
19.60873609410163	0.025351378823627417
19.634820328644516	0.025318230735104537
19.686988797730287	0.02525219193147543
19.79132573590182	0.02512113506000187
19.79784679453754	0.02511298884818114
19.804367853173265	0.02510484788264259
19.817409970444707	0.02508858167086321
19.843494204987593	0.025056111987653444
19.89566267407336	0.024991422487894602
19.902183732709084	0.024983359630123568
19.908704791344803	0.02497530194043936
19.921746908616242	0.02495920204578253
19.947831143159128	0.024927064058473357
19.954352201794848	0.024919042408554935
19.96087326043057	0.024911025887625636
19.973915377702014	0.024895008213185583
19.980436436337733	0.024887007049900406
19.986957494973456	0.024879010996055502
19.99347855360918	0.024871020046763677
19.9999996122449	0.02486303419713772