1.000000387755102	0.
1.005827640490633	1.2168711223855173e-9
1.0116548932261638	4.070627738587499e-8
1.0174821459616947	1.7069814541118924e-6
1.0233093986972257	0.00007099187772900231
1.0291366514327565	0.0015882716788211404
1.0349639041682874	0.004927671373319731
1.0407911569038184	0.008396693519249432
1.0466184096393492	0.011823228428841981
1.05244566237488	0.015184965653794494
1.0582729151104109	0.018477050283316476
1.0699274205814726	0.024850470678148568
1.093236431523596	0.036782596778284805
1.0990636842591268	0.03960377747906089
1.1048909369946578	0.04236303710958844
1.1165454424657195	0.04770130924188705
1.139854453407843	0.05769396066528213
1.1456817061433737	0.060057031401495056
1.1515089588789047	0.06236847102147447
1.1631634643499664	0.06684106809960862
1.1864724752920899	0.07521565054564375
1.1922997280276206	0.07719647213438896
1.1981269807631516	0.07913413721987675
1.2097814862342133	0.08288376997245457
1.2330904971763368	0.08990513208467465
1.2389177499118675	0.09156586594946632
1.2447450026473985	0.09319038082966583
1.2563995081184602	0.09633385825696157
1.2797085190605837	0.10221900097378037
1.2855357717961144	0.10361065753384882
1.2913630245316454	0.10497179247997519
1.3030175300027071	0.10760507648840052
1.3263265409448306	0.11253254936695867
1.3321537936803614	0.11369715054421947
1.3379810464158923	0.1148359429448218
1.349635551886954	0.11703825310062244
1.3729445628290775	0.12115570802323639
1.3792619725446187	0.12220885892519735
1.3855793822601599	0.12323633165654649
1.3982142016912422	0.1252164333393977
1.4234838405534072	0.12889229402808003
1.4298012502689486	0.1297549534125857
1.4361186599844897	0.13059606208917446
1.448753479415572	0.1322154870304071
1.4740231182777368	0.13521527962228114
1.480340527993278	0.13591788107679748
1.4866579377088192	0.13660233009174289
1.4992927571399015	0.13791830369920693
1.5245623960020662	0.140348812286267
1.5308798057176074	0.1409164851669761
1.5371972154331486	0.14146885169647075
1.549832034864231	0.14252889896934542
1.5751016737263959	0.1444787470591924
1.5814190834419373	0.14493243533348887
1.5877364931574784	0.14537315414417176
1.6003713125885608	0.1462167496949565
1.606688722304102	0.14662015955901803
1.6130061320196432	0.14701165568251343
1.6256409514507255	0.1477598322981194
1.6319583611662667	0.14811697084610415
1.6382757708818079	0.14846311492479283
1.6509105903128902	0.14912333564598015
1.676180229175055	0.15032149765129343
1.6824976388905961	0.15059672464048185
1.6888150486061373	0.15086262077781176
1.7014498680372196	0.15136719677817925
1.7077672777527608	0.15160623322594596
1.714084687468302	0.1518366627188132
1.7267195068993846	0.15227238224725306
1.733036916614926	0.15247801298652747
1.7393543263304672	0.15267571761923288
1.7519891457615495	0.15304797130931747
1.7583065554770907	0.15322281561679155
1.7646239651926319	0.15339033482420342
1.7772587846237142	0.1537039877137897
1.7831575502988577	0.15384092209705968
1.789056315974001	0.1539719657223351
1.8008538473242877	0.1542167975504434
1.8067526129994311	0.15433079398546257
1.8126513786745744	0.1544393162559157
1.824448910024861	0.1546403547404518
1.8303476757000046	0.15473307490472515
1.8362464413751478	0.1548207204234108
1.842145207050291	0.15490338179346355
1.8480439727254345	0.1549811495118383
1.853942738400578	0.15505411407549
1.8598415040757212	0.15512236598137352
1.871639035426008	0.15524509344448217
1.8775378011011514	0.15529974195916274
1.8834365667762947	0.1553500190220104
1.889335332451438	0.15539600232279152
1.8952340981265814	0.15543776955127236
1.9011328638017249	0.1554753983972192
1.907031629476868	0.15550896655039828
1.9129303951520114	0.15553855170057576
1.9188291608271548	0.1555642315375181
1.9247279265022983	0.15558608199363466
1.9306266921774415	0.15560417103663296
1.9365254578525848	0.15561856457378334
1.9424242235277283	0.15562932851928302
1.9483229892028717	0.15563652878732884
1.9542217548780152	0.1556402312921178
1.9601205205531587	0.15564050194784698
1.966019286228302	0.1556374066687133
1.9719180519034452	0.15563101136891383
1.9778168175785886	0.1556213801141455
1.983715583253732	0.15560857026318112
1.9896143489288756	0.15559263783987326
1.995513114604019	0.15557363887052084
2.0014118802791625	0.15555162938142264
2.0073106459543055	0.1555266653988774
2.013209411629449	0.15549880294918406
2.0191081773045925	0.15546809805864137
2.0250069429797355	0.15543460675354814
2.030905708654879	0.15539838322759647
2.0368044743300224	0.1553594761255067
2.042703240005166	0.15531793316858783
2.0486020056803094	0.1552738020781695
2.060399537030596	0.15517796638215287
2.0662983027057393	0.15512635721921392
2.0721970683808824	0.15507235080809406
2.0839945997311693	0.15495733533106892
2.1075896624317427	0.15470048229198163
2.113488428106886	0.1546309189767549
2.119387193782029	0.15455929710603145
2.131184725132316	0.15441004062526098
2.1547797878328896	0.15408854332276065
2.160562843141104	0.1540052696609562
2.166345898449319	0.15392030034640358
2.177912009065749	0.15374540605757853
2.201044230298609	0.15337668850707586
2.247308672764328	0.15256996300147488
2.253091728072543	0.15246316261041115
2.258874783380758	0.15235512209066643
2.270440893997188	0.15213541715079631
2.2935731152300476	0.15168218752923238
2.339837557695767	0.15072546515366625
2.345620613003982	0.1506015586116618
2.351403668312197	0.15047675951381342
2.362969778928627	0.15022456358225433
2.3861020001614865	0.14971031206825963
2.432366442627206	0.14864602842134395
2.524895327558645	0.14640152191831257
2.5311685398468704	0.14624479546004437
2.5374417521350954	0.14608757767992098
2.5499881767115458	0.14577172041358263
2.575081025864447	0.14513468487285647
2.625266724170249	0.14384223345320896
2.725638120781853	0.1412039151391299
2.926380914005061	0.13583791478911306
3.301073281866016	0.1260286843879579
3.7071356964476325	0.116223476715163
4.105792647545829	0.10761404685995157
4.477656380058563	0.10046771752076884
4.880890159291958	0.09358970030462978
5.257330719939893	0.08788741987278018
5.626365817104407	0.08288225564252066
6.026770960989582	0.07801844924123208
6.400382886289297	0.07394062999494644
6.805364858309672	0.06995406804748878
7.202941366846627	0.0664208738772409
7.57372465679812	0.06342153910821746
7.9758779934702755	0.06045073002960422
8.35123811155697	0.057911288119347565
8.757968276364327	0.05538378088911651
9.157292977688263	0.05310307042717084
9.529824460426736	0.051134807071058754
9.933725989885872	0.04915599935587511
10.310834300759547	0.04743931437952567
10.680537148149801	0.04586686624171305
11.081610042260715	0.0442728794715743
11.45588971778617	0.04288065132701896
11.861539440032285	0.041465941906819376
12.25978369879498	0.04016379638703402
12.631234738972212	0.03901993132393429
13.034055825870107	0.03785000952859286
13.410083694182541	0.03681876203646056
13.778706099011554	0.03586034344953504
14.17869855056123	0.034874682755127805
14.551897783525442	0.0340021897049568
14.956467063210317	0.03310389942075083
15.33424312430973	0.03230653347887925
15.704613721925723	0.03156089051905775
16.106354366262376	0.030789734090180144
16.481301792013568	0.030102971632497956
16.887619264485423	0.029392248892317896
17.286531273473855	0.028726146056107116
17.658650063876827	0.02813123538107296
18.06213890100046	0.0275132097622451
18.43883451953863	0.026960076546405462
18.808124674593383	0.02643883968370757
19.208784876368796	0.025895516934776572
19.582651859558748	0.025408155976405115
19.58917291819447	0.025399817056761795
19.59569397683019	0.02539148357820215
19.60873609410163	0.025374832923342548
19.634820328644516	0.025341596675723124
19.686988797730287	0.025275383253371177
19.79132573590182	0.02514398329611741
19.79784679453754	0.02513581588823146
19.804367853173265	0.025127653753498853
19.817409970444707	0.025111345282502407
19.843494204987593	0.02507879138744553
19.89566267407336	0.025013934609563637
19.902183732709084	0.025005850942392598
19.908704791344803	0.02499777246440975
19.921746908616242	0.02498163105501736
19.947831143159128	0.024949410275586698
19.954352201794848	0.024941367974982177
19.96087326043057	0.02493333082158327
19.973915377702014	0.024917271935411017
19.980436436337733	0.024909250192142022
19.986957494973456	0.02490123357508735
19.99347855360918	0.02489322207899918
19.9999996122449	0.024885215698629698