1.000000387755102	0.
1.005827640490633	4.071794753220577e-11
1.0116548932261638	4.133153079048194e-11
1.0174821459616947	1.7733510955982485e-10
1.0233093986972257	4.3506095022867913e-10
1.0291366514327565	7.226303259481407e-10
1.0349639041682874	1.0440179091612358e-9
1.0407911569038184	1.4718227377604383e-9
1.0466184096393492	2.1105575065405446e-9
1.05244566237488	3.1198728785615986e-9
1.0582729151104109	4.5102186430057145e-9
1.0641001678459419	6.349075931666448e-9
1.0699274205814726	8.794916350751691e-9
1.0757546733170034	1.2109919215556412e-8
1.0815819260525343	1.663096253305222e-8
1.0874091787880653	2.3105523716537846e-8
1.093236431523596	3.236470972704334e-8
1.0990636842591268	4.550262485321828e-8
1.1048909369946578	6.393738486802172e-8
1.1107181897301888	8.941351392621755e-8
1.1165454424657195	1.2527495648247583e-7
1.1223726952012503	1.7537687213575737e-7
1.1281999479367812	2.4357461003710057e-7
1.1340272006723122	3.343879853752914e-7
1.139854453407843	4.593230992592604e-7
1.1456817061433737	6.337664773721958e-7
1.1515089588789047	8.73118955283895e-7
1.1573362116144357	1.193437527691188e-6
1.1631634643499664	1.6381391741611868e-6
1.1689907170854972	2.25956803142265e-6
1.1748179698210282	3.1013856302368006e-6
1.1806452225565591	4.2496579093498354e-6
1.1864724752920899	5.8161955911462115e-6
1.1922997280276206	7.945007692855555e-6
1.1981269807631516	0.000010835575666205225
1.2039542334986826	0.00001476050723581146
1.2097814862342133	0.00002009209936678265
1.215608738969744	0.000027296649397786272
1.221435991705275	0.00003702597993404666
1.227263244440806	0.00005014554445644433
1.2330904971763368	0.00006781058881647853
1.2389177499118675	0.00009156391489491729
1.2447450026473985	0.00012346116103330768
1.2505722553829295	0.00016621399492685224
1.2563995081184602	0.0002234397791582854
1.262226760853991	0.00029993094025752376
1.268054013589522	0.00040199175895342754
1.273881266325053	0.0005378989465114614
1.2797085190605837	0.0007184251352752764
1.2855357717961144	0.0009574202000705393
1.2913630245316454	0.0012722767515735978
1.2971902772671764	0.0016841186289025718
1.3030175300027071	0.002216677202124965
1.308844782738238	0.002894002970150374
1.3146720354737689	0.00373549429361771
1.3204992882092998	0.004750040455700525
1.3263265409448306	0.005932212184815469
1.3321537936803614	0.007263254639408097
1.3379810464158923	0.008716438307143932
1.349635551886954	0.011878151667634432
1.3729445628290775	0.018650606395683795
1.3792619725446187	0.020507116827406986
1.3855793822601599	0.02235554758326086
1.3982142016912422	0.026008762304546774
1.4234838405534072	0.03306395769457622
1.4298012502689486	0.03476680808643591
1.4361186599844897	0.0364438431316935
1.448753479415572	0.03971933754493465
1.4740231182777368	0.04595485774626799
1.480340527993278	0.04744869118401203
1.4866579377088192	0.048916942229937956
1.4992927571399015	0.05177780902745262
1.5245623960020662	0.05720584359992498
1.5751016737263959	0.06696406400120014
1.5814190834419373	0.0680877469632722
1.5877364931574784	0.06919122445442423
1.6003713125885608	0.07133890297371451
1.6256409514507255	0.07540628105504457
1.6319583611662667	0.076377479670691
1.6382757708818079	0.0773310364785185
1.6509105903128902	0.07918640083672834
1.676180229175055	0.08269824995746045
1.6824976388905961	0.08353639893322654
1.6888150486061373	0.08435916513839359
1.7014498680372196	0.08595958878112149
1.7267195068993846	0.08898698705457438
1.7772587846237142	0.09440062992451666
1.7831575502988577	0.09498073277709698
1.789056315974001	0.09555060582587056
1.8008538473242877	0.09666028789598986
1.824448910024861	0.09876374886840485
1.8303476757000046	0.09926633636121551
1.8362464413751478	0.09975989554647442
1.8480439727254345	0.10072049105212666
1.871639035426008	0.10253940681570975
1.8775378011011514	0.10297357509359624
1.8834365667762947	0.10339977052529947
1.8952340981265814	0.10422874320220257
1.9188291608271548	0.10579627515549428
1.966019286228302	0.10859442929254315
1.9719180519034452	0.10891464302614536
1.9778168175785886	0.10922861678088638
1.9896143489288756	0.10983820861190981
2.013209411629449	0.11098651761162066
2.0191081773045925	0.11125934768055726
2.0250069429797355	0.11152664395046726
2.0368044743300224	0.11204495692501648
2.060399537030596	0.11301871709321205
2.0662983027057393	0.11324952284520773
2.0721970683808824	0.11347542145424694
2.0839945997311693	0.1139127762386182
2.1075896624317427	0.11473166903866541
2.113488428106886	0.11492517020300566
2.119387193782029	0.11511431626234703
2.131184725132316	0.11547978605930127
2.1547797878328896	0.11616113606500718
2.160562843141104	0.11631838827606344
2.166345898449319	0.1164719197447559
2.177912009065749	0.11676802696643591
2.201044230298609	0.11731781516414733
2.206827285606824	0.11744671435087628
2.212610340915039	0.11757229414286093
2.2241764515314686	0.1178136901049609
2.247308672764328	0.11825866610086289
2.253091728072543	0.1183622858997851
2.258874783380758	0.11846294314103625
2.270440893997188	0.11865554400945369
2.276223949305403	0.11874757144645112
2.282007004613618	0.11883680186517864
2.2935731152300476	0.11900702411940363
2.299356170538262	0.1190880921906909
2.305139225846477	0.11916651571528798
2.316705336462907	0.1193155815959911
2.339837557695767	0.11958362183125626
2.345620613003982	0.11964456262910905
2.351403668312197	0.11970314255622362
2.362969778928627	0.11981335344977029
2.368752834236842	0.11986505124196851
2.374535889545057	0.11991452190103331
2.3861020001614865	0.12000690988477943
2.391885055469701	0.1200498852393782
2.397668110777916	0.12009075313322984
2.409234221394346	0.12016628143099872
2.415017276702561	0.12020099928106953
2.420800332010776	0.12023372456270022
2.432366442627206	0.1202933123129484
2.438149497935421	0.12032023222771943
2.443932553243636	0.12034527442219879
2.449715608551851	0.12036846565424854
2.455498663860066	0.12038983028147215
2.461281719168281	0.12040939253735883
2.467064774476496	0.12042717665539766
2.472847829784711	0.12044320686907785
2.4786308850929255	0.12045750741188846
2.48441394040114	0.12047010251731871
2.490196995709355	0.12048101641885768
2.49598005101757	0.12049027334999457
2.501763106325785	0.12049789754421843
2.507546161634	0.1205039132350185
2.513329216942215	0.12050834463547123
2.51911227225043	0.12051121452453695
2.524895327558645	0.12051254354574792
2.5311685398468704	0.12051226673978394
2.5374417521350954	0.12051022707759981
2.5437149644233203	0.12050645072180056
2.5499881767115458	0.12050096383499116
2.556261388999771	0.1204937925797765
2.5625346012879966	0.12048496311876156
2.568807813576222	0.12047450161455128
2.575081025864447	0.12046243422975064
2.581354238152672	0.12044878712696461
2.5876274504408974	0.12043358572884562
2.593900662729123	0.120416852767405
2.600173875017348	0.1203986104239532
2.6064470873055736	0.1203788808804836
2.6127202995937986	0.12035768631898955
2.625266724170249	0.12031099086990174
2.6315399364584744	0.12028553434629471
2.6378131487466994	0.12025870153263686
2.6503595733231498	0.12020099576314189
2.656632785611375	0.12017016674744353
2.6629059978996006	0.12013804708593885
2.675452422476051	0.12007001120923563
2.681725634764276	0.12003413268995519
2.6879988470525014	0.11999703891400093
2.700545271628952	0.11991928098390697
2.725638120781853	0.11975001112391215
2.7319113330700784	0.11970493581499872
2.7381845453583034	0.11965879098177153
2.7507309699347537	0.11956335692914416
2.775823819087655	0.11936036058657626
2.826009517393457	0.11890937737187743
2.8322827296816824	0.11884907010773423
2.8385559419699073	0.11878793429714148
2.8511023665463577	0.11866323178161334
2.876195215699259	0.11840448290320044
2.926380914005061	0.11785231655622572
2.9322354822528887	0.1177850979351709
2.938090050500716	0.11771732636549494
2.949799186996371	0.11758016161401252
2.9732174599876804	0.11729957837752776
3.0200540059703	0.11671513023882416
3.1137270979355387	0.115466305257064
3.301073281866016	0.11273567793851709
3.7071356964476325	0.10632136184753738
4.105792647545829	0.09999063348209399
4.477656380058563	0.09437047759464208
4.880890159291958	0.08871249264206069
5.257330719939893	0.08386683332814526
5.626365817104407	0.07951365869920772
6.026770960989582	0.07520422791567632
6.400382886289297	0.0715370183178394
6.805364858309672	0.06790840371024429
7.202941366846627	0.06465936309918846
7.57372465679812	0.06187857985528739
7.9758779934702755	0.05910503788195626
8.35123811155697	0.0567199224489231
8.757968276364327	0.05433364746435332
9.157292977688263	0.052170304529082785
9.529824460426736	0.05029599649966837
9.933725989885872	0.04840509644895004
10.310834300759547	0.04675955912591831
10.680537148149801	0.04524825596303184
11.081610042260715	0.043712465231196554
11.45588971778617	0.042368046275157556
11.861539440032285	0.04099912650004598
12.25978369879498	0.03973671299591655
12.631234738972212	0.03862589510760353
13.034055825870107	0.03748802462607809
13.410083694182541	0.03648360446436225
13.778706099011554	0.035548958389372484
14.17869855056123	0.03458658196372155
14.551897783525442	0.03373375417415698
14.956467063210317	0.03285480076520833
15.33424312430973	0.032073835911360135
15.704613721925723	0.03134290476627502
16.106354366262376	0.030586325892559975
16.481301792013568	0.02991201449535268
16.887619264485423	0.029213669949489988
17.286531273473855	0.02855869056815003
17.658650063876827	0.027973347454966553
18.06213890100046	0.02736488573378371
18.43883451953863	0.02681999978825835
18.808124674593383	0.026306271589249752
19.208784876368796	0.025770494926175867
19.582651859558748	0.025289679400471325
19.58917291819447	0.025281450585670898
19.59569397683019	0.02527322707104951
19.60873609410163	0.025256795921021466
19.634820328644516	0.025223996988567646
19.686988797730287	0.025158651400017124
19.79132573590182	0.025028960312565192
19.79784679453754	0.025020898560481723
19.804367853173265	0.02501284194989477
19.817409970444707	0.024996744134531075
19.843494204987593	0.024964609996288984
19.89566267407336	0.024900586643701872
19.902183732709084	0.02489260659518195
19.908704791344803	0.024884631613441115
19.921746908616242	0.02486869683161733
19.947831143159128	0.02483688786384579
19.954352201794848	0.02482894821880301
19.96087326043057	0.02482101360318059
19.973915377702014	0.024805159441517486
19.980436436337733	0.024797239886137114
19.986957494973456	0.02478932534149775
19.99347855360918	0.024781415802929543
19.9999996122449	0.024773511265762663